       Time       Step R C A P        CPU
          0          0 301 120 0 0          0
   0.173229          8 293 112 8 0   0.000104
   0.180209          9 292 111 9 0   0.000114
    0.19045         10 291 110 10 0   0.000124
   0.224491         11 290 109 11 0   0.000133
    0.24952         12 289 108 12 0   0.000143
   0.251425         13 288 107 13 0   0.000152
   0.258683         14 287 106 14 0   0.000161
   0.276046         15 286 105 15 0   0.000171
   0.277976         16 285 104 16 0    0.00018
   0.323876         17 284 103 17 0    0.00019
   0.334081         18 283 102 18 0   0.000199
   0.343688         19 282 101 19 0   0.000208
   0.349152         20 281 100 20 0   0.000217
   0.354101         21 280 99 21 0   0.000227
   0.357593         22 279 98 22 0   0.000236
   0.403357         23 278 97 23 0   0.000246
    0.41075         24 277 96 24 0   0.000254
   0.411456         25 276 95 25 0   0.000268
   0.424946         26 275 94 26 0   0.000277
   0.444299         27 274 93 27 0   0.000286
   0.453337         28 273 92 28 0   0.000296
   0.464819         29 272 91 29 0   0.000305
   0.496283         30 271 90 30 0   0.000315
   0.525214         31 270 89 31 0   0.000324
   0.525723         32 269 88 32 0   0.000334
   0.541541         33 268 87 33 0   0.000343
   0.568319         34 267 86 34 0   0.000352
   0.569797         35 266 85 35 0   0.000362
   0.573403         36 265 84 36 0   0.000367
   0.574238         37 264 83 37 0   0.000373
   0.605838         38 263 82 38 0   0.000378
   0.618438         39 262 81 39 0   0.000383
   0.624023         40 261 80 40 0   0.000388
   0.624119         41 260 79 41 0   0.000393
   0.630594         42 259 78 42 0   0.000398
   0.658972         43 258 77 43 0   0.000404
   0.693416         44 257 76 44 0   0.000409
   0.696919         45 256 75 45 0   0.000414
   0.711672         46 255 74 46 0   0.000419
   0.747633         47 254 73 47 0   0.000424
   0.777114         48 253 72 48 0   0.000429
    0.88721         49 252 71 49 0   0.000435
   0.901156         50 251 70 50 0    0.00044
   0.905272         51 250 69 51 0   0.000445
   0.938376         52 249 68 52 0    0.00045
   0.938449         53 248 67 53 0   0.000456
   0.959461         54 247 66 54 0   0.000461
   0.960526         55 246 65 55 0   0.000466
   0.967703         56 246 66 54 1   0.000471
   0.971704         57 246 67 53 2   0.000475
    1.02081         58 245 66 54 2   0.000479
     1.0864         59 244 65 55 2   0.000483
    1.11271         60 243 64 56 2   0.000487
     1.1899         61 242 63 57 2   0.000492
    1.21837         62 241 62 58 2   0.000496
    1.25429         63 240 61 59 2     0.0005
     1.2612         64 239 60 60 2   0.000504
    1.29598         65 238 59 61 2   0.000508
    1.29966         66 237 58 62 2   0.000512
     1.3054         67 236 57 63 2   0.000516
     1.3202         68 235 56 64 2    0.00052
    1.32595         69 235 57 63 3   0.000525
    1.35238         70 235 58 62 4   0.000529
    1.35992         71 234 57 63 4   0.000533
    1.37047         72 233 56 64 4   0.000537
    1.40989         73 232 55 65 4   0.000541
     1.4115         74 231 54 66 4   0.000545
    1.44888         75 230 53 67 4   0.000549
     1.4856         76 229 52 68 4   0.000553
    1.48786         77 228 51 69 4   0.000557
    1.52361         78 227 50 70 4   0.000574
    1.54481         79 226 49 71 4   0.000578
    1.57986         80 225 48 72 4   0.000582
    1.64879         81 224 47 73 4   0.000587
    1.68049         82 224 48 72 5   0.000591
    1.70683         83 224 49 71 6   0.000595
    1.72034         84 224 50 70 7   0.000599
    1.83596         85 224 51 69 8   0.000603
    2.05247         86 224 52 68 9   0.000607
      2.102         87 223 51 69 9   0.000612
    2.14721         88 222 50 70 9   0.000616
    2.19391         89 221 49 71 9    0.00062
    2.31779         90 220 48 72 9   0.000624
    2.33256         91 219 47 73 9   0.000628
    2.33945         92 218 46 74 9   0.000634
    2.34711         93 217 45 75 9   0.000638
    2.39041         94 216 44 76 9   0.000643
    2.41653         95 215 43 77 9   0.000647
    2.43073         96 214 42 78 9   0.000651
    2.47192         97 213 41 79 9   0.000655
    2.51536         98 213 42 78 10   0.000659
    2.69263         99 212 41 79 10   0.000663
    2.79277        100 211 40 80 10   0.000667
     2.8134        101 210 39 81 10   0.000671
    2.82399        102 209 38 82 10   0.000675
    2.90546        103 208 37 83 10   0.000679
    2.96137        104 207 36 84 10   0.000683
    2.98484        105 206 35 85 10   0.000688
    3.00354        106 205 34 86 10   0.000692
    3.03416        107 205 35 85 11   0.000696
    3.06379        108 205 36 84 12     0.0007
     3.1029        109 204 35 85 12   0.000704
    3.11435        110 203 34 86 12   0.000708
    3.15723        111 202 33 87 12   0.000712
    3.22826        112 202 34 86 13   0.000716
    3.40323        113 201 33 87 13   0.000721
    3.41168        114 201 34 86 14   0.000725
    3.41505        115 200 33 87 14   0.000729
    3.47411        116 200 34 86 15   0.000733
    3.52531        117 200 35 85 16   0.000737
    3.59723        118 200 36 84 17   0.000741
    3.65062        119 199 35 85 17   0.000745
    3.66969        120 199 36 84 18   0.000749
    3.69666        121 198 35 85 18   0.000753
    3.79359        122 198 36 84 19   0.000757
    3.88219        123 197 35 85 19   0.000761
    3.88225        124 196 34 86 19   0.000765
    3.94391        125 196 35 85 20   0.000769
    3.95049        126 196 36 84 21   0.000773
     3.9522        127 195 35 85 21   0.000777
    3.99393        128 194 34 86 21   0.000782
    4.06213        129 193 33 87 21   0.000786
    4.06953        130 192 32 88 21    0.00079
    4.08095        131 191 31 89 21   0.000794
    4.10025        132 191 32 88 22   0.000798
    4.17167        133 190 31 89 22   0.000802
    4.20854        134 190 32 88 23   0.000806
    4.36494        135 189 31 89 23    0.00081
     4.3795        136 189 32 88 24   0.000814
    4.51951        137 189 33 87 25   0.000818
    4.67819        138 188 32 88 25   0.000823
    4.68527        139 187 31 89 25   0.000827
    4.73714        140 186 30 90 25   0.000831
    4.77891        141 186 31 89 26   0.000835
    4.86026        142 185 30 90 26   0.000839
    4.94057        143 184 29 91 26   0.000843
    5.00234        144 184 30 90 27   0.000847
    5.03433        145 184 31 89 28   0.000851
    5.32808        146 184 32 88 29   0.000855
    5.39436        147 184 33 87 30   0.000859
    5.48009        148 184 34 86 31   0.000864
    5.57762        149 183 33 87 31   0.000868
    5.61908        150 183 34 86 32   0.000872
    5.65216        151 183 35 85 33   0.000876
    5.66172        152 182 34 86 33    0.00088
    5.68162        153 182 35 85 34   0.000884
    5.84716        154 182 36 84 35   0.000888
    5.89779        155 182 37 83 36   0.000892
    5.92299        156 181 36 84 36   0.000896
    5.92577        157 180 35 85 36   0.000901
    5.94851        158 180 36 84 37   0.000905
    5.99635        159 180 37 83 38   0.000909
    6.04081        160 179 36 84 38   0.000913
    6.12584        161 179 37 83 39   0.000917
    6.13908        162 179 38 82 40   0.000921
    6.17176        163 179 39 81 41   0.000925
    6.19323        164 179 40 80 42   0.000929
    6.23987        165 179 41 79 43   0.000933
    6.26075        166 179 42 78 44   0.000942
    6.28283        167 179 43 77 45   0.000946
    6.29866        168 178 42 78 45    0.00095
    6.32352        169 177 41 79 45   0.000954
    6.38837        170 177 42 78 46   0.000958
    6.41013        171 176 41 79 46   0.000962
      6.452        172 175 40 80 46   0.000966
    6.49212        173 175 41 79 47    0.00097
    6.52512        174 174 40 80 47   0.000974
    6.61624        175 173 39 81 47   0.000978
    6.70141        176 173 40 80 48   0.000983
    6.70893        177 173 41 79 49   0.000987
    6.79948        178 173 42 78 50   0.000991
    6.97212        179 172 41 79 50   0.000997
     7.0268        180 172 42 78 51      0.001
    7.06083        181 172 43 77 52    0.00101
    7.14642        182 172 44 76 53    0.00101
    7.18422        183 172 45 75 54    0.00101
    7.20882        184 171 44 76 54    0.00102
    7.21534        185 171 45 75 55    0.00102
     7.2298        186 171 46 74 56    0.00103
    7.31245        187 170 45 75 56    0.00103
     7.3241        188 169 44 76 56    0.00103
    7.33819        189 168 43 77 56    0.00104
    7.40623        190 168 44 76 57    0.00104
    7.42178        191 167 43 77 57    0.00105
    7.45092        192 166 42 78 57    0.00105
     7.4859        193 165 41 79 57    0.00105
    7.56629        194 164 40 80 57    0.00106
     7.6045        195 163 39 81 57    0.00106
    7.66985        196 162 38 82 57    0.00107
    7.85346        197 162 39 81 58    0.00107
     7.8583        198 161 38 82 58    0.00108
    8.00635        199 161 39 81 59    0.00108
    8.05101        200 160 38 82 59    0.00108
    8.09521        201 159 37 83 59    0.00109
    8.13335        202 158 36 84 59    0.00109
    8.27924        203 157 35 85 59     0.0011
     8.3221        204 157 36 84 60     0.0011
    8.34151        205 157 37 83 61    0.00111
    8.35362        206 156 36 84 61    0.00111
    8.45768        207 156 37 83 62    0.00111
    8.46471        208 155 36 84 62    0.00112
    8.57051        209 154 35 85 62    0.00112
    8.58834        210 153 34 86 62    0.00113
    8.68727        211 153 35 85 63    0.00113
    8.74752        212 153 36 84 64    0.00113
    8.84545        213 153 37 83 65    0.00114
    8.87297        214 153 38 82 66    0.00114
    8.92178        215 152 37 83 66    0.00115
    9.01783        216 152 38 82 67    0.00115
    9.03523        217 151 37 83 67    0.00116
    9.12086        218 151 38 82 68    0.00116
    9.16131        219 150 37 83 68    0.00116
     9.2081        220 150 38 82 69    0.00117
    9.28633        221 149 37 83 69    0.00117
    9.39736        222 148 36 84 69    0.00118
    9.45595        223 147 35 85 69    0.00118
    9.46516        224 147 36 84 70    0.00118
    9.47365        225 147 37 83 71    0.00119
    9.47426        226 147 38 82 72    0.00119
    9.49884        227 146 37 83 72     0.0012
    9.54717        228 145 36 84 72     0.0012
    9.56926        229 145 37 83 73    0.00121
    9.58474        230 144 36 84 73    0.00121
    9.63019        231 144 37 83 74    0.00121
    9.75066        232 143 36 84 74    0.00122
     9.8128        233 143 37 83 75    0.00122
    9.93033        234 143 38 82 76    0.00123
    10.1971        235 142 37 83 76    0.00123
    10.2634        236 141 36 84 76    0.00123
    10.3601        237 141 37 83 77    0.00124
    10.3659        238 140 36 84 77    0.00124
    10.3886        239 140 37 83 78    0.00125
     10.402        240 139 36 84 78    0.00125
    10.4338        241 139 37 83 79    0.00126
    10.5388        242 138 36 84 79    0.00126
    10.5548        243 137 35 85 79    0.00127
    10.5663        244 137 36 84 80    0.00127
    10.5751        245 137 37 83 81    0.00127
    10.5924        246 136 36 84 81    0.00128
    10.6445        247 135 35 85 81    0.00128
    10.7035        248 134 34 86 81    0.00129
    10.7042        249 133 33 87 81    0.00129
    10.7255        250 132 32 88 81     0.0013
    10.9305        251 131 31 89 81     0.0013
    10.9765        252 130 30 90 81     0.0013
    10.9826        253 130 31 89 82    0.00131
    11.0899        254 129 30 90 82    0.00132
    11.1348        255 128 29 91 82    0.00132
    11.1484        256 128 30 90 83    0.00133
    11.1524        257 127 29 91 83    0.00133
     11.332        258 126 28 92 83    0.00133
    11.3489        259 125 27 93 83    0.00134
    11.3532        260 124 26 94 83    0.00134
    11.4158        261 124 27 93 84    0.00135
    11.4173        262 123 26 94 84    0.00135
    11.4305        263 123 27 93 85    0.00136
    11.4458        264 123 28 92 86    0.00136
    11.5925        265 122 27 93 86    0.00137
    11.6762        266 121 26 94 86    0.00137
    11.6796        267 120 25 95 86    0.00138
    11.7188        268 119 24 96 86    0.00138
    11.7867        269 118 23 97 86    0.00138
    11.8354        270 117 22 98 86    0.00139
    11.8507        271 117 23 97 87    0.00139
    11.8972        272 117 24 96 88     0.0014
    11.9921        273 117 25 95 89     0.0014
    12.0664        274 117 26 94 90    0.00141
    12.0804        275 117 27 93 91    0.00141
    12.1248        276 116 26 94 91    0.00141
    12.1471        277 116 27 93 92    0.00142
    12.1487        278 115 26 94 92    0.00142
    12.1756        279 115 27 93 93    0.00143
    12.2381        280 115 28 92 94    0.00143
    12.2835        281 115 29 91 95    0.00143
     12.308        282 115 30 90 96    0.00144
    12.3162        283 115 31 89 97    0.00144
     12.397        284 114 30 90 97    0.00145
    12.4104        285 114 31 89 98    0.00145
    12.4129        286 114 32 88 99    0.00145
    12.5227        287 114 33 87 100    0.00146
    12.5677        288 114 34 86 101    0.00146
    12.5889        289 114 35 85 102    0.00146
    12.7931        290 114 36 84 103    0.00147
    12.8897        291 114 37 83 104    0.00147
    13.0618        292 113 36 84 104    0.00148
    13.1582        293 112 35 85 104    0.00148
    13.1753        294 111 34 86 104    0.00148
    13.3088        295 111 35 85 105    0.00149
    13.3569        296 111 36 84 106    0.00149
    13.4502        297 111 37 83 107     0.0015
     13.681        298 111 38 82 108     0.0015
    13.8322        299 110 37 83 108     0.0015
    13.8565        300 109 36 84 108    0.00151
    13.9679        301 109 37 83 109    0.00151
    14.0127        302 108 36 84 109    0.00152
    14.0508        303 108 37 83 110    0.00152
    14.0916        304 107 36 84 110    0.00152
    14.1542        305 106 35 85 110    0.00153
    14.2019        306 106 36 84 111    0.00153
    14.2055        307 106 37 83 112    0.00154
     14.248        308 106 38 82 113    0.00154
    14.2827        309 106 39 81 114    0.00154
    14.2968        310 105 38 82 114    0.00155
    14.3336        311 104 37 83 114    0.00155
    14.4774        312 104 38 82 115    0.00156
    14.5407        313 103 37 83 115    0.00156
    14.5695        314 103 38 82 116    0.00156
    14.5844        315 103 39 81 117    0.00157
     14.788        316 102 38 82 117    0.00157
     14.876        317 102 39 81 118    0.00157
    14.8842        318 102 40 80 119    0.00158
     14.893        319 101 39 81 119    0.00158
    14.9041        320 100 38 82 119    0.00159
    15.0807        321 99 37 83 119    0.00159
    15.1576        322 98 36 84 119    0.00159
    15.2539        323 98 37 83 120     0.0016
    15.2732        324 98 38 82 121     0.0016
     15.301        325 97 37 83 121    0.00161
     15.343        326 96 36 84 121    0.00161
    15.4304        327 95 35 85 121    0.00161
    15.4951        328 95 36 84 122    0.00162
    15.5081        329 95 37 83 123    0.00162
    15.6867        330 95 38 82 124    0.00163
    15.7507        331 94 37 83 124    0.00163
    15.8319        332 94 38 82 125    0.00163
    15.9057        333 94 39 81 126    0.00164
    15.9214        334 93 38 82 126    0.00164
      16.09        335 93 39 81 127    0.00165
    16.1216        336 93 40 80 128    0.00165
    16.1487        337 92 39 81 128    0.00165
    16.1975        338 91 38 82 128    0.00166
    16.2111        339 91 39 81 129    0.00167
    16.2167        340 91 40 80 130    0.00167
    16.2746        341 91 41 79 131    0.00167
    16.3344        342 91 42 78 132    0.00168
    16.3613        343 90 41 79 132    0.00168
    16.3646        344 89 40 80 132    0.00169
    16.4339        345 89 41 79 133    0.00169
    16.4407        346 88 40 80 133    0.00169
     16.455        347 87 39 81 133     0.0017
    16.4592        348 87 40 80 134     0.0017
     16.461        349 87 41 79 135     0.0017
    16.4652        350 86 40 80 135    0.00171
      16.52        351 85 39 81 135    0.00171
    16.7265        352 84 38 82 135    0.00172
    16.7348        353 83 37 83 135    0.00172
    16.9321        354 82 36 84 135    0.00173
    16.9974        355 82 37 83 136    0.00173
    17.0813        356 82 38 82 137    0.00173
    17.0916        357 81 37 83 137    0.00174
    17.1196        358 81 38 82 138    0.00174
    17.2689        359 80 37 83 138    0.00174
    17.2857        360 80 38 82 139    0.00175
    17.3036        361 79 37 83 139    0.00175
     17.418        362 79 38 82 140    0.00176
    17.4953        363 79 39 81 141    0.00176
    17.5589        364 78 38 82 141    0.00176
    17.5979        365 78 39 81 142    0.00177
    17.6965        366 78 40 80 143    0.00177
    17.8259        367 77 39 81 143    0.00178
    17.9422        368 77 40 80 144    0.00178
    18.0721        369 77 41 79 145    0.00178
     18.138        370 77 42 78 146    0.00179
    18.6241        371 76 41 79 146    0.00179
    18.6541        372 76 42 78 147     0.0018
    18.6907        373 76 43 77 148     0.0018
    18.7789        374 75 42 78 148     0.0018
    18.9073        375 75 43 77 149    0.00181
    19.0822        376 74 42 78 149    0.00181
    19.1095        377 74 43 77 150    0.00182
    19.1305        378 74 44 76 151    0.00182
    19.2265        379 74 45 75 152    0.00182
    19.3171        380 74 46 74 153    0.00183
    19.3608        381 74 47 73 154    0.00183
     19.402        382 74 48 72 155    0.00183
    19.4566        383 74 49 71 156    0.00184
    19.5615        384 74 50 70 157    0.00184
     19.693        385 74 51 69 158    0.00185
      19.78        386 73 50 70 158    0.00185
    19.7813        387 72 49 71 158    0.00185
     19.949        388 71 48 72 158    0.00186
    20.1861        389 71 49 71 159    0.00186
    20.1996        390 71 50 70 160    0.00187
    20.2169        391 70 49 71 160    0.00187
    20.2838        392 70 50 70 161    0.00188
    20.2868        393 69 49 71 161    0.00188
    20.2946        394 69 50 70 162    0.00189
    20.3781        395 69 51 69 163    0.00189
    20.3791        396 69 52 68 164    0.00189
    20.4226        397 69 53 67 165     0.0019
    20.5129        398 68 52 68 165     0.0019
    20.5936        399 68 53 67 166     0.0019
    20.7028        400 68 54 66 167    0.00191
    20.9618        401 68 55 65 168    0.00191
    21.4387        402 68 56 64 169    0.00192
    21.4527        403 67 55 65 169    0.00192
    21.4923        404 67 56 64 170    0.00192
    21.5271        405 67 57 63 171    0.00193
    21.5697        406 67 58 62 172    0.00193
    21.5738        407 66 57 63 172    0.00194
    21.5904        408 65 56 64 172    0.00194
    21.6229        409 65 57 63 173    0.00194
    21.6711        410 64 56 64 173    0.00195
    21.7937        411 64 57 63 174    0.00195
    21.8121        412 63 56 64 174    0.00196
    21.8204        413 62 55 65 174    0.00196
    21.9847        414 62 56 64 175    0.00196
    21.9875        415 61 55 65 175    0.00197
    22.0898        416 61 56 64 176    0.00197
    22.1884        417 60 55 65 176    0.00197
    22.2555        418 60 56 64 177    0.00198
    22.3052        419 60 57 63 178    0.00198
    22.4804        420 59 56 64 178    0.00199
    22.5018        421 58 55 65 178    0.00199
    22.7713        422 57 54 66 178    0.00199
    22.9583        423 57 55 65 179      0.002
     23.063        424 57 56 64 180      0.002
    23.0967        425 56 55 65 180    0.00201
    23.1566        426 56 56 64 181    0.00201
    23.2762        427 55 55 65 181    0.00202
    23.3032        428 55 56 64 182    0.00202
    23.3411        429 54 55 65 182    0.00202
     23.473        430 54 56 64 183    0.00203
    23.4822        431 53 55 65 183    0.00203
    23.5344        432 53 56 64 184    0.00204
    23.5824        433 52 55 65 184    0.00204
    23.7317        434 52 56 64 185    0.00204
     23.952        435 52 57 63 186    0.00205
    24.0431        436 52 58 62 187    0.00205
    24.0585        437 52 59 61 188    0.00206
    24.0979        438 52 60 60 189    0.00206
     24.117        439 52 61 59 190    0.00206
    24.1227        440 51 60 60 190    0.00207
      24.34        441 51 61 59 191    0.00207
    24.3514        442 51 62 58 192    0.00208
    24.3968        443 51 63 57 193    0.00208
    24.5185        444 51 64 56 194    0.00208
    24.5854        445 51 65 55 195    0.00209
    24.7863        446 51 66 54 196    0.00209
      24.85        447 51 67 53 197     0.0021
    24.8547        448 51 68 52 198     0.0021
    25.0218        449 50 67 53 198     0.0021
    25.1424        450 50 68 52 199    0.00211
      25.16        451 50 69 51 200    0.00211
    25.4144        452 49 68 52 200    0.00211
    25.9529        453 48 67 53 200    0.00212
      26.03        454 48 68 52 201    0.00212
    26.1025        455 48 69 51 202    0.00213
    26.1319        456 48 70 50 203    0.00213
    26.1369        457 47 69 51 203    0.00213
    26.2889        458 46 68 52 203    0.00214
    26.5426        459 46 69 51 204    0.00214
    26.6567        460 45 68 52 204    0.00215
    26.7813        461 44 67 53 204    0.00215
     26.933        462 43 66 54 204    0.00215
    26.9801        463 42 65 55 204    0.00216
    27.1112        464 42 66 54 205    0.00216
    27.2059        465 41 65 55 205    0.00216
    27.3392        466 41 66 54 206    0.00217
    27.3502        467 41 67 53 207    0.00217
    27.4732        468 41 68 52 208    0.00218
    27.4863        469 40 67 53 208    0.00218
    27.5723        470 40 68 52 209    0.00218
    27.5966        471 40 69 51 210    0.00219
    27.6499        472 40 70 50 211    0.00219
    27.8198        473 39 69 51 211     0.0022
    27.8437        474 38 68 52 211     0.0022
    27.9576        475 38 69 51 212     0.0022
     28.094        476 37 68 52 212    0.00221
    28.4527        477 36 67 53 212    0.00221
    28.6754        478 35 66 54 212    0.00221
    28.8087        479 35 67 53 213    0.00222
    28.9063        480 35 68 52 214    0.00222
    29.0796        481 35 69 51 215    0.00223
    29.0884        482 34 68 52 215    0.00223
    29.1152        483 33 67 53 215    0.00223
    29.2851        484 33 68 52 216    0.00224
    29.3034        485 33 69 51 217    0.00224
    29.3303        486 33 70 50 218    0.00225
    29.6213        487 33 71 49 219    0.00225
    29.7079        488 32 70 50 219    0.00225
     29.811        489 32 71 49 220    0.00226
    29.8324        490 31 70 50 220    0.00226
    29.8855        491 31 71 49 221    0.00227
    29.9814        492 31 72 48 222    0.00227
     30.082        493 31 73 47 223    0.00227
     30.378        494 30 72 48 223    0.00228
    30.4978        495 29 71 49 223    0.00229
    30.7775        496 29 72 48 224    0.00229
     30.847        497 28 71 49 224    0.00229
    31.3194        498 28 72 48 225     0.0023
    31.7499        499 28 73 47 226     0.0023
    31.8062        500 28 74 46 227    0.00231
    31.8972        501 28 75 45 228    0.00231
    32.0203        502 28 76 44 229    0.00231
    32.0211        503 28 77 43 230    0.00232
    32.3851        504 28 78 42 231    0.00232
    32.4765        505 28 79 41 232    0.00232
    32.5144        506 27 78 42 232    0.00233
    32.5894        507 26 77 43 232    0.00233
    32.8296        508 26 78 42 233    0.00234
    32.8337        509 25 77 43 233    0.00234
    32.8565        510 24 76 44 233    0.00234
    32.9246        511 23 75 45 233    0.00235
    32.9342        512 22 74 46 233    0.00235
    32.9551        513 22 75 45 234    0.00236
    33.0797        514 22 76 44 235    0.00236
     33.342        515 22 77 43 236    0.00237
    33.5432        516 22 78 42 237    0.00237
     33.682        517 22 79 41 238    0.00238
    33.8524        518 21 78 42 238    0.00238
    33.9982        519 21 79 41 239    0.00239
    34.1105        520 21 80 40 240    0.00239
    34.7407        521 20 79 41 240    0.00239
    34.7961        522 20 80 40 241     0.0024
    35.1564        523 20 81 39 242     0.0024
    35.2948        524 20 82 38 243    0.00241
    35.7603        525 20 83 37 244    0.00241
    35.7958        526 19 82 38 244    0.00242
    35.8506        527 19 83 37 245    0.00242
    36.3752        528 19 84 36 246    0.00242
     36.523        529 18 83 37 246    0.00243
    36.9685        530 18 84 36 247    0.00243
    37.1857        531 18 85 35 248    0.00244
    37.1887        532 18 86 34 249    0.00244
    37.5497        533 18 87 33 250    0.00245
    37.6695        534 18 88 32 251    0.00245
    37.8095        535 17 87 33 251    0.00246
    38.1843        536 17 88 32 252    0.00246
    38.1869        537 17 89 31 253    0.00246
    38.2204        538 16 88 32 253    0.00247
    38.2561        539 15 87 33 253    0.00247
    38.3938        540 15 88 32 254    0.00248
    38.4998        541 14 87 33 254    0.00248
     38.815        542 13 86 34 254    0.00248
    39.2362        543 13 87 33 255    0.00249
    39.3417        544 12 86 34 255    0.00249
    39.5625        545 12 87 33 256    0.00249
    39.8598        546 12 88 32 257     0.0025
      40.11        547 12 89 31 258     0.0025
    40.1866        548 12 90 30 259    0.00251
    40.2592        549 12 91 29 260    0.00251
    40.3652        550 12 92 28 261    0.00251
    40.6582        551 12 93 27 262    0.00252
    40.8351        552 11 92 28 262    0.00252
    41.4762        553 11 93 27 263    0.00252
    41.6857        554 10 92 28 263    0.00253
    41.7306        555 10 93 27 264    0.00253
    42.5403        556 9 92 28 264    0.00254
    42.9896        557 9 93 27 265    0.00254
    43.5684        558 8 92 28 265    0.00254
    43.8479        559 7 91 29 265    0.00255
    44.1692        560 7 92 28 266    0.00255
    44.3508        561 7 93 27 267    0.00256
    44.4375        562 7 94 26 268    0.00256
    44.9696        563 7 95 25 269    0.00256
    45.0268        564 7 96 24 270    0.00257
    45.6405        565 7 97 23 271    0.00257
    45.7126        566 6 96 24 271    0.00257
    46.1045        567 6 97 23 272    0.00258
    47.1899        568 6 98 22 273    0.00258
    47.2624        569 6 99 21 274    0.00259
    47.5909        570 5 98 22 274    0.00259
     48.214        571 5 99 21 275    0.00259
     48.471        572 5 100 20 276     0.0026
    48.7496        573 5 101 19 277     0.0026
    48.9861        574 5 102 18 278    0.00261
    49.5495        575 4 101 19 278    0.00261
    49.9007        576 4 102 18 279    0.00261
    50.0075        577 4 103 17 280    0.00262
